OPTISTRUCT RESULT 2024.1
 
$ITERATION            0
 
$SUBCASE              1  LC1
$TIME       0.10000000E+01
 
$ELEMENT STRESS(ROD) [REAL]
--------+------------
   ROD #    AXIAL
--------+------------
      31 -9.15532E+01
      32 -6.17531E+01
      33 -8.66989E+01
      34 -8.66989E+01
      35 -6.17531E+01
      36 -9.15532E+01
--------+------------

$ELEMENT STRESS(BAR) [REAL]
--------+---------------------------------------------------------------------------------------------------------------------------------
   BAR #   LONG-MAX     LONG-SAC     LONG-SAD     LONG-SAE     LONG-SAF     LONG-SBC     LONG-SBD     LONG-SBE     LONG-SBF      AXIAL
--------+---------------------------------------------------------------------------------------------------------------------------------
      40 -1.52949E+02 -7.42475E+01 -1.36995E+02 -4.59395E+01 -3.78252E+01 -2.27606E+01 -4.90715E+01 -1.52949E+02 -6.43115E+01 -7.61287E+01
      41 -1.03749E+02 -4.78666E+01 -1.03749E+02 -7.57729E+01 -3.66762E+01 -4.37420E+01 -6.69465E+01 -1.00181E+02 -5.70359E+01 -6.92019E+01
      42 -1.42123E+02 -4.90654E+01 -1.42123E+02 -7.79874E+01 -2.34113E+01 -4.58968E+01 -5.35777E+01 -1.28812E+02 -7.59905E+01 -7.80985E+01
      43 -1.32548E+02 -8.26035E+01 -1.32252E+02 -4.82959E+01 -4.90212E+01 -4.75426E+01 -5.09886E+01 -1.32548E+02 -8.01664E+01 -7.96840E+01
      44 -1.08795E+02 -6.34283E+01 -1.08795E+02 -9.36529E+01 -5.73715E+01 -6.08552E+01 -8.76307E+01 -1.07925E+02 -6.89729E+01 -8.35505E+01
      45 -1.50330E+02 -8.56264E+01 -1.50330E+02 -4.53645E+01 -4.36402E+01 -4.21250E+01 -5.01169E+01 -1.49573E+02 -8.19075E+01 -8.34683E+01
      46 -1.34561E+02 -8.13197E+01 -1.34561E+02 -4.88966E+01 -4.70539E+01 -5.79825E+01 -4.38728E+01 -1.24452E+02 -9.02141E+01 -7.98054E+01
      47 -1.25422E+02 -8.10319E+01 -1.13956E+02 -6.67808E+01 -6.21618E+01 -4.60261E+01 -8.07009E+01 -1.25422E+02 -6.39145E+01 -8.22419E+01
      48 -1.39567E+02 -6.74817E+01 -1.39567E+02 -7.23431E+01 -4.05921E+01 -4.66643E+01 -6.22328E+01 -1.37845E+02 -7.69091E+01 -8.34788E+01
      49 -1.57688E+02 -1.02658E+02 -1.31714E+02  6.31150E+00 -4.74474E+01 -1.74810E+01 -1.07442E+01 -1.57688E+02 -7.62585E+01 -6.80482E+01
      50 -1.31774E+02 -8.08473E+01 -5.85618E+01 -9.42882E+01 -9.51378E+01 -4.60224E+01 -1.31774E+02 -9.60620E+01 -3.17376E+01 -8.14328E+01
      51 -1.97803E+02 -1.09785E+02 -1.81749E+02 -3.13246E+01 -4.96154E+01 -2.39780E+01 -5.75067E+01 -1.97803E+02 -8.00964E+01 -9.49187E+01
      52 -1.67146E+02 -8.88857E+01 -1.58442E+02 -3.14542E+01 -3.80906E+01 -3.46092E+01 -2.27495E+01 -1.67146E+02 -9.23679E+01 -8.13285E+01
      53 -1.05498E+02 -6.75830E+01 -1.05498E+02 -8.45763E+01 -5.92145E+01 -5.92145E+01 -8.45763E+01 -1.05498E+02 -6.75830E+01 -8.13402E+01
      54 -1.67146E+02 -9.23679E+01 -1.67146E+02 -2.27495E+01 -3.46092E+01 -3.80906E+01 -3.14542E+01 -1.58442E+02 -8.88857E+01 -8.13285E+01
      55 -1.97803E+02 -8.00964E+01 -1.97803E+02 -5.75067E+01 -2.39780E+01 -4.96154E+01 -3.13246E+01 -1.81749E+02 -1.09785E+02 -9.49187E+01
      56 -1.31774E+02 -3.17376E+01 -9.60620E+01 -1.31774E+02 -4.60224E+01 -9.51378E+01 -9.42882E+01 -5.85618E+01 -8.08473E+01 -8.14328E+01
      57 -1.57688E+02 -7.62585E+01 -1.57688E+02 -1.07442E+01 -1.74810E+01 -4.74474E+01  6.31150E+00 -1.31714E+02 -1.02658E+02 -6.80482E+01
      58 -1.39567E+02 -7.69091E+01 -1.37845E+02 -6.22328E+01 -4.66643E+01 -4.05921E+01 -7.23431E+01 -1.39567E+02 -6.74817E+01 -8.34788E+01
      59 -1.25422E+02 -6.39145E+01 -1.25422E+02 -8.07009E+01 -4.60261E+01 -6.21618E+01 -6.67808E+01 -1.13956E+02 -8.10319E+01 -8.22419E+01
      60 -1.34561E+02 -9.02141E+01 -1.24452E+02 -4.38728E+01 -5.79825E+01 -4.70539E+01 -4.88966E+01 -1.34561E+02 -8.13197E+01 -7.98054E+01
      61 -1.50330E+02 -8.19075E+01 -1.49573E+02 -5.01169E+01 -4.21250E+01 -4.36402E+01 -4.53645E+01 -1.50330E+02 -8.56264E+01 -8.34683E+01
      62 -1.08795E+02 -6.89729E+01 -1.07925E+02 -8.76307E+01 -6.08552E+01 -5.73715E+01 -9.36529E+01 -1.08795E+02 -6.34283E+01 -8.35505E+01
      63 -1.32548E+02 -8.01664E+01 -1.32548E+02 -5.09886E+01 -4.75426E+01 -4.90212E+01 -4.82959E+01 -1.32252E+02 -8.26035E+01 -7.96840E+01
      64 -1.42123E+02 -7.59905E+01 -1.28812E+02 -5.35777E+01 -4.58968E+01 -2.34113E+01 -7.79874E+01 -1.42123E+02 -4.90654E+01 -7.80985E+01
      65 -1.03749E+02 -5.70359E+01 -1.00181E+02 -6.69465E+01 -4.37420E+01 -3.66762E+01 -7.57729E+01 -1.03749E+02 -4.78666E+01 -6.92019E+01
      66 -1.52949E+02 -6.43115E+01 -1.52949E+02 -4.90715E+01 -2.27606E+01 -3.78252E+01 -4.59395E+01 -1.36995E+02 -7.42475E+01 -7.61287E+01
--------+---------------------------------------------------------------------------------------------------------------------------------

$ELEMENT STRESS(PLATE) [REAL]
--------+------------------------------------------------------------------------------------------
 PLATE #     VON          XX1          XX2          YY1          YY2          XY1          XY2
--------+------------------------------------------------------------------------------------------
       1  1.21871E+02 -8.05181E+01 -5.01655E+01  3.22082E+01 -7.21720E+00  3.97434E+01  1.17047E+01
       2  1.08324E+02 -5.77111E+01 -1.04925E+02  4.85196E+01 -7.60713E+00  3.10172E+01  2.20991E+01
       3  1.23564E+02 -8.37161E+01 -4.88479E+01  3.63913E+01  4.26518E+00  3.60039E+01  3.64678E+01
       4  1.14771E+02 -9.46124E+01 -9.68492E+01 -2.88940E+00  7.62352E+00  3.60638E+01  3.16030E+01
       5  1.15761E+02 -8.51265E+01 -9.03183E+01  2.33976E+01  2.62867E+01  2.60674E+01  2.69442E+01
       6  1.22466E+02 -9.22706E+01 -9.64769E+01  2.19558E+01  3.01857E+01  3.08469E+01  2.49448E+01
       7  1.08016E+02 -8.91860E+01 -9.53539E+01  8.74678E-01 -6.68012E+00  3.48067E+01  3.08064E+01
       8  1.17076E+02 -9.12887E+01 -9.72084E+01  2.00567E+01  1.91811E+01  2.65419E+01  2.59804E+01
       9  1.25893E+02 -8.81888E+01 -9.52396E+01  3.74495E+01  3.56782E+01  3.18363E+01  2.65051E+01
      10  1.02729E+02 -8.57871E+01 -8.52418E+01 -1.49558E+01 -5.98699E+00  3.76523E+01  3.17126E+01
      11  1.11979E+02 -8.94509E+01 -9.54224E+01  1.90953E+01  1.68653E+01  1.96950E+01  2.26574E+01
      12  1.41293E+02 -9.26626E+01 -1.04011E+02  5.11289E+01  4.04133E+01  3.66304E+01  3.08273E+01
      13  1.34402E+02 -8.18081E+01 -8.68912E+01  7.04464E+00  2.43741E+00  5.98483E+01  5.14059E+01
      14  1.33427E+02 -8.88190E+01 -9.44778E+01  1.84861E+01  1.67540E+01  4.25509E+01  4.83498E+01
      15  1.54154E+02 -9.55676E+01 -1.02066E+02  3.07482E+01  3.10896E+01  5.98503E+01  5.11582E+01
      16  1.54154E+02 -9.55676E+01 -1.02066E+02  3.07482E+01  3.10896E+01  5.98503E+01  5.11582E+01
      17  1.33427E+02 -8.88190E+01 -9.44778E+01  1.84861E+01  1.67540E+01  4.25509E+01  4.83498E+01
      18  1.34402E+02 -8.18081E+01 -8.68912E+01  7.04464E+00  2.43741E+00  5.98483E+01  5.14059E+01
      19  1.41293E+02 -9.26626E+01 -1.04011E+02  5.11289E+01  4.04133E+01  3.66304E+01  3.08273E+01
      20  1.11979E+02 -8.94509E+01 -9.54224E+01  1.90953E+01  1.68653E+01  1.96950E+01  2.26574E+01
      21  1.02729E+02 -8.57871E+01 -8.52418E+01 -1.49558E+01 -5.98699E+00  3.76523E+01  3.17126E+01
      22  1.25893E+02 -8.81888E+01 -9.52396E+01  3.74495E+01  3.56782E+01  3.18363E+01  2.65051E+01
      23  1.17076E+02 -9.12887E+01 -9.72084E+01  2.00567E+01  1.91811E+01  2.65419E+01  2.59804E+01
      24  1.08016E+02 -8.91860E+01 -9.53539E+01  8.74678E-01 -6.68012E+00  3.48067E+01  3.08064E+01
      25  1.22466E+02 -9.22706E+01 -9.64769E+01  2.19558E+01  3.01857E+01  3.08469E+01  2.49448E+01
      26  1.15761E+02 -8.51265E+01 -9.03183E+01  2.33976E+01  2.62867E+01  2.60674E+01  2.69442E+01
      27  1.14771E+02 -9.46124E+01 -9.68492E+01 -2.88940E+00  7.62352E+00  3.60638E+01  3.16030E+01
      28  1.23564E+02 -8.37161E+01 -4.88479E+01  3.63913E+01  4.26518E+00  3.60039E+01  3.64678E+01
      29  1.08324E+02 -5.77111E+01 -1.04925E+02  4.85196E+01 -7.60713E+00  3.10172E+01  2.20991E+01
      30  1.21871E+02 -8.05181E+01 -5.01655E+01  3.22082E+01 -7.21720E+00  3.97434E+01  1.17047E+01
--------+------------------------------------------------------------------------------------------

$SUBCASE              2  LC2
$TIME       0.10000000E+01
 
$ELEMENT STRESS(ROD) [REAL]
--------+------------
   ROD #    AXIAL
--------+------------
      31 -5.64526E+01
      32 -3.63972E+01
      33 -5.32054E+01
      34 -5.32054E+01
      35 -3.63972E+01
      36 -5.64526E+01
--------+------------

$ELEMENT STRESS(BAR) [REAL]
--------+---------------------------------------------------------------------------------------------------------------------------------
   BAR #   LONG-MAX     LONG-SAC     LONG-SAD     LONG-SAE     LONG-SAF     LONG-SBC     LONG-SBD     LONG-SBE     LONG-SBF      AXIAL
--------+---------------------------------------------------------------------------------------------------------------------------------
      40 -1.05821E+02 -4.75100E+01 -1.05821E+02 -3.84965E+01 -2.05803E+01 -5.69280E+01 -5.61401E+00 -8.08046E+01 -8.70043E+01 -5.56586E+01
      41 -7.45097E+01 -6.84909E+01 -6.31909E+01 -4.41904E+01 -6.08907E+01 -6.57319E+01 -3.85731E+01 -6.05177E+01 -7.45097E+01 -5.84528E+01
      42 -9.39312E+01 -7.45238E+01 -6.78576E+01 -3.06614E+01 -5.96453E+01 -2.85457E+01 -5.00211E+01 -9.39312E+01 -4.61098E+01 -5.69763E+01
      43 -8.92399E+01 -6.03766E+01 -8.92399E+01 -1.90244E+01 -3.22904E+01 -3.30386E+01 -1.91140E+01 -8.83171E+01 -6.07199E+01 -5.07560E+01
      44 -6.50553E+01 -4.65107E+01 -6.50553E+01 -5.53128E+01 -4.26137E+01 -4.47896E+01 -5.08981E+01 -6.48596E+01 -5.03741E+01 -5.34211E+01
      45 -8.67706E+01 -5.85136E+01 -8.55652E+01 -2.99983E+01 -3.62868E+01 -3.32998E+01 -3.42985E+01 -8.67706E+01 -5.42887E+01 -5.32874E+01
      46 -8.03617E+01 -5.65381E+01 -8.03617E+01 -2.73850E+01 -3.53474E+01 -4.07686E+01 -2.54856E+01 -7.50316E+01 -6.05870E+01 -5.04401E+01
      47 -7.71951E+01 -5.57240E+01 -6.94156E+01 -3.79690E+01 -4.31453E+01 -3.23079E+01 -4.71705E+01 -7.71951E+01 -4.43177E+01 -5.18491E+01
      48 -8.94973E+01 -4.71228E+01 -8.94973E+01 -4.01751E+01 -2.73939E+01 -3.33565E+01 -3.19800E+01 -8.68841E+01 -5.53181E+01 -5.28973E+01
      49 -9.93076E+01 -7.12992E+01 -8.19146E+01  1.13888E+01 -3.39778E+01 -1.39334E+01  1.58615E-02 -9.93076E+01 -5.36628E+01 -4.27851E+01
      50 -8.15228E+01 -5.64335E+01 -3.25498E+01 -5.64503E+01 -6.59937E+01 -3.31385E+01 -8.15228E+01 -5.76368E+01 -2.35841E+01 -5.17356E+01
      51 -1.25147E+02 -7.56773E+01 -1.14372E+02 -1.47807E+01 -3.58407E+01 -1.86690E+01 -3.22761E+01 -1.25147E+02 -5.58174E+01 -6.07592E+01
      52 -1.05131E+02 -6.20042E+01 -9.93308E+01 -1.43863E+01 -2.80264E+01 -2.57264E+01 -8.54163E+00 -1.05131E+02 -6.43622E+01 -5.17314E+01
      53 -6.39317E+01 -4.78033E+01 -6.39317E+01 -4.99371E+01 -4.22054E+01 -4.22054E+01 -4.99371E+01 -6.39317E+01 -4.78033E+01 -5.17697E+01
      54 -1.05131E+02 -6.43622E+01 -1.05131E+02 -8.54163E+00 -2.57264E+01 -2.80264E+01 -1.43863E+01 -9.93308E+01 -6.20042E+01 -5.17314E+01
      55 -1.25147E+02 -5.58174E+01 -1.25147E+02 -3.22761E+01 -1.86690E+01 -3.58407E+01 -1.47807E+01 -1.14372E+02 -7.56773E+01 -6.07592E+01
      56 -8.15228E+01 -2.35841E+01 -5.76368E+01 -8.15228E+01 -3.31385E+01 -6.59937E+01 -5.64503E+01 -3.25498E+01 -5.64335E+01 -5.17356E+01
      57 -9.93076E+01 -5.36628E+01 -9.93076E+01  1.58615E-02 -1.39334E+01 -3.39778E+01  1.13888E+01 -8.19146E+01 -7.12992E+01 -4.27851E+01
      58 -8.94973E+01 -5.53181E+01 -8.68841E+01 -3.19800E+01 -3.33565E+01 -2.73939E+01 -4.01751E+01 -8.94973E+01 -4.71228E+01 -5.28973E+01
      59 -7.71951E+01 -4.43177E+01 -7.71951E+01 -4.71705E+01 -3.23079E+01 -4.31453E+01 -3.79690E+01 -6.94156E+01 -5.57240E+01 -5.18491E+01
      60 -8.03617E+01 -6.05870E+01 -7.50316E+01 -2.54856E+01 -4.07686E+01 -3.53474E+01 -2.73850E+01 -8.03617E+01 -5.65381E+01 -5.04401E+01
      61 -8.67706E+01 -5.42887E+01 -8.67706E+01 -3.42985E+01 -3.32998E+01 -3.62868E+01 -2.99983E+01 -8.55652E+01 -5.85136E+01 -5.32874E+01
      62 -6.50553E+01 -5.03741E+01 -6.48596E+01 -5.08981E+01 -4.47896E+01 -4.26137E+01 -5.53128E+01 -6.50553E+01 -4.65107E+01 -5.34211E+01
      63 -8.92399E+01 -6.07199E+01 -8.83171E+01 -1.91140E+01 -3.30386E+01 -3.22904E+01 -1.90244E+01 -8.92399E+01 -6.03766E+01 -5.07560E+01
      64 -9.39312E+01 -4.61098E+01 -9.39312E+01 -5.00211E+01 -2.85457E+01 -5.96453E+01 -3.06614E+01 -6.78576E+01 -7.45238E+01 -5.69763E+01
      65 -7.45097E+01 -7.45097E+01 -6.05177E+01 -3.85731E+01 -6.57319E+01 -6.08907E+01 -4.41904E+01 -6.31909E+01 -6.84909E+01 -5.84528E+01
      66 -1.05821E+02 -8.70043E+01 -8.08046E+01 -5.61401E+00 -5.69280E+01 -2.05803E+01 -3.84965E+01 -1.05821E+02 -4.75100E+01 -5.56586E+01
--------+---------------------------------------------------------------------------------------------------------------------------------

$ELEMENT STRESS(PLATE) [REAL]
--------+------------------------------------------------------------------------------------------
 PLATE #     VON          XX1          XX2          YY1          YY2          XY1          XY2
--------+------------------------------------------------------------------------------------------
       1  7.14253E+01 -6.54309E+01 -2.47979E+01 -2.93713E+01 -7.80167E-01  2.50298E+01  1.11353E+01
       2  6.45431E+01 -5.28950E+01 -5.67665E+01 -2.61395E+01  4.68357E+00  2.07480E+01  1.47825E+01
       3  7.38130E+01 -6.75701E+01 -2.39165E+01 -2.65732E+01  6.90061E+00  2.56389E+01  2.10882E+01
       4  7.00180E+01 -6.23449E+01 -6.50410E+01 -1.92382E+01 -2.43454E+01  2.47988E+01  1.88104E+01
       5  6.25573E+01 -5.67189E+01 -5.90846E+01 -4.10066E+00 -1.17239E+01  1.74370E+01  1.80235E+01
       6  6.90568E+01 -6.07784E+01 -6.47919E+01 -2.61874E+00 -9.25310E+00  1.99591E+01  1.90154E+01
       7  6.71000E+01 -6.11235E+01 -6.32464E+01 -2.39074E+01 -2.75460E+01  2.34951E+01  2.00033E+01
       8  6.68033E+01 -6.14964E+01 -6.48334E+01 -8.85831E+00 -1.23147E+01  1.77543E+01  1.73788E+01
       9  7.10578E+01 -6.04564E+01 -6.31699E+01  5.58135E-01  7.88294E-01  2.10836E+01  1.83335E+01
      10  6.70728E+01 -5.87232E+01 -5.69917E+01 -3.37148E+01 -2.79181E+01  2.51231E+01  2.13821E+01
      11  6.42142E+01 -6.13477E+01 -6.36428E+01 -1.13496E+01 -1.19081E+01  1.31744E+01  1.51560E+01
      12  8.12067E+01 -6.33224E+01 -6.95467E+01  1.04906E+01  3.11999E+00  2.45660E+01  2.04521E+01
      13  8.52591E+01 -5.62765E+01 -5.79216E+01 -1.94868E+01 -2.17247E+01  4.00790E+01  3.43903E+01
      14  8.05929E+01 -6.09571E+01 -6.30708E+01 -1.16761E+01 -1.22028E+01  2.84631E+01  3.23421E+01
      15  9.41309E+01 -6.54804E+01 -6.80726E+01 -3.63103E+00 -2.55864E+00  3.99897E+01  3.42168E+01
      16  9.41309E+01 -6.54804E+01 -6.80726E+01 -3.63103E+00 -2.55864E+00  3.99897E+01  3.42168E+01
      17  8.05929E+01 -6.09571E+01 -6.30708E+01 -1.16761E+01 -1.22028E+01  2.84631E+01  3.23421E+01
      18  8.52591E+01 -5.62765E+01 -5.79216E+01 -1.94868E+01 -2.17247E+01  4.00790E+01  3.43903E+01
      19  8.12067E+01 -6.33224E+01 -6.95467E+01  1.04906E+01  3.11999E+00  2.45660E+01  2.04521E+01
      20  6.42142E+01 -6.13477E+01 -6.36428E+01 -1.13496E+01 -1.19081E+01  1.31744E+01  1.51560E+01
      21  6.70728E+01 -5.87232E+01 -5.69917E+01 -3.37148E+01 -2.79181E+01  2.51231E+01  2.13821E+01
      22  7.10578E+01 -6.04564E+01 -6.31699E+01  5.58135E-01  7.88294E-01  2.10836E+01  1.83335E+01
      23  6.68033E+01 -6.14964E+01 -6.48334E+01 -8.85831E+00 -1.23147E+01  1.77543E+01  1.73788E+01
      24  6.71000E+01 -6.11235E+01 -6.32464E+01 -2.39074E+01 -2.75460E+01  2.34951E+01  2.00033E+01
      25  6.90568E+01 -6.07784E+01 -6.47919E+01 -2.61874E+00 -9.25310E+00  1.99591E+01  1.90154E+01
      26  6.25573E+01 -5.67189E+01 -5.90846E+01 -4.10066E+00 -1.17239E+01  1.74370E+01  1.80235E+01
      27  7.00180E+01 -6.23449E+01 -6.50410E+01 -1.92382E+01 -2.43454E+01  2.47988E+01  1.88104E+01
      28  7.38130E+01 -6.75701E+01 -2.39165E+01 -2.65732E+01  6.90061E+00  2.56389E+01  2.10882E+01
      29  6.45431E+01 -5.28950E+01 -5.67665E+01 -2.61395E+01  4.68357E+00  2.07480E+01  1.47825E+01
      30  7.14253E+01 -6.54309E+01 -2.47979E+01 -2.93713E+01 -7.80167E-01  2.50298E+01  1.11353E+01
--------+------------------------------------------------------------------------------------------

$SUBCASE              3  LC3
$TIME       0.10000000E+01
 
$ELEMENT STRESS(ROD) [REAL]
--------+------------
   ROD #    AXIAL
--------+------------
      31 -5.91258E+01
      32 -3.08765E+01
      33 -3.00003E+01
      34 -3.00003E+01
      35 -3.08765E+01
      36 -5.91258E+01
--------+------------

$ELEMENT STRESS(BAR) [REAL]
--------+---------------------------------------------------------------------------------------------------------------------------------
   BAR #   LONG-MAX     LONG-SAC     LONG-SAD     LONG-SAE     LONG-SAF     LONG-SBC     LONG-SBD     LONG-SBE     LONG-SBF      AXIAL
--------+---------------------------------------------------------------------------------------------------------------------------------
      40 -2.97896E+02 -1.15088E+02 -2.97896E+02  2.04929E+02  8.60418E+01  6.09579E+01  2.31355E+02 -2.82618E+02 -1.44631E+02 -3.26472E+01
      41 -1.53081E+02 -3.52760E+01 -1.53081E+02  2.92366E+01  3.76511E+01 -1.05283E+01  6.77334E+01 -1.17214E+02 -8.45071E+01 -3.46010E+01
      42 -3.26952E+02 -9.68709E+01 -3.26952E+02  1.67150E+02  1.00770E+02  5.50158E+01  2.02609E+02 -2.92304E+02 -1.42950E+02 -4.44663E+01
      43 -3.06029E+02 -1.52617E+02 -2.91996E+02  2.54364E+02  6.59267E+01  8.09592E+01  2.47694E+02 -3.06029E+02 -1.40530E+02 -2.94351E+01
      44 -1.12599E+02 -3.87901E+01 -1.12599E+02 -7.57865E+00  3.21813E+00 -2.33517E+01  1.43863E+01 -9.32102E+01 -6.63903E+01 -4.17752E+01
      45 -3.53299E+02 -1.47544E+02 -3.48353E+02  2.17073E+02  7.86268E+01  9.02532E+01  2.00812E+02 -3.53299E+02 -1.31391E+02 -5.21411E+01
      46 -2.66183E+02 -1.35962E+02 -2.66183E+02  2.20159E+02  5.85748E+01 -2.86831E+00  2.41223E+02 -2.05525E+02 -1.81568E+02 -2.98009E+01
      47 -2.23974E+02 -1.36782E+02 -1.48430E+02  1.27872E+02 -2.62612E+01  7.32531E+01  5.11014E+01 -2.23974E+02 -3.67770E+01 -4.11210E+01
      48 -3.32943E+02 -5.98638E+01 -3.32943E+02  1.07128E+02  1.16164E+02  7.19701E+01  1.67786E+02 -3.13530E+02 -1.20556E+02 -5.18413E+01
      49  5.64470E+02 -2.67697E+02 -2.69926E+02  5.64470E+02  6.60610E+01  2.45096E+02  4.64890E+02 -4.26343E+02 -1.11398E+02  3.98697E+01
      50 -2.67220E+02 -1.36192E+02  1.72053E+02 -4.22662E+01 -2.21919E+02  7.27572E+01 -2.67220E+02 -5.29089E+01  1.58482E+02 -4.07164E+01
      51 -6.60216E+02 -3.08729E+02 -5.61136E+02  3.31837E+02  4.84606E+01  2.04380E+02  1.75316E+02 -6.60216E+02 -1.29833E+02 -1.21353E+02
      52 -4.80664E+02 -1.84129E+02 -4.28438E+02  3.33489E+02  1.20641E+02  1.41532E+02  3.85716E+02 -4.80664E+02 -2.05020E+02 -4.06643E+01
      53 -1.10282E+02 -5.68049E+01 -1.10282E+02  1.52454E+01 -6.59385E+00 -6.59385E+00  1.52454E+01 -1.10282E+02 -5.68049E+01 -4.06701E+01
      54 -4.80664E+02 -2.05020E+02 -4.80664E+02  3.85716E+02  1.41532E+02  1.20641E+02  3.33489E+02 -4.28438E+02 -1.84129E+02 -4.06643E+01
      55 -6.60216E+02 -1.29833E+02 -6.60216E+02  1.75316E+02  2.04380E+02  4.84606E+01  3.31837E+02 -5.61136E+02 -3.08729E+02 -1.21353E+02
      56 -2.67220E+02  1.58482E+02 -5.29089E+01 -2.67220E+02  7.27572E+01 -2.21919E+02 -4.22662E+01  1.72053E+02 -1.36192E+02 -4.07164E+01
      57  5.64470E+02 -1.11398E+02 -4.26343E+02  4.64890E+02  2.45096E+02  6.60610E+01  5.64470E+02 -2.69926E+02 -2.67697E+02  3.98697E+01
      58 -3.32943E+02 -1.20556E+02 -3.13530E+02  1.67786E+02  7.19701E+01  1.16164E+02  1.07128E+02 -3.32943E+02 -5.98638E+01 -5.18413E+01
      59 -2.23974E+02 -3.67770E+01 -2.23974E+02  5.11014E+01  7.32531E+01 -2.62612E+01  1.27872E+02 -1.48430E+02 -1.36782E+02 -4.11210E+01
      60 -2.66183E+02 -1.81568E+02 -2.05525E+02  2.41223E+02 -2.86831E+00  5.85748E+01  2.20159E+02 -2.66183E+02 -1.35962E+02 -2.98009E+01
      61 -3.53299E+02 -1.31391E+02 -3.53299E+02  2.00812E+02  9.02532E+01  7.86268E+01  2.17073E+02 -3.48353E+02 -1.47544E+02 -5.21411E+01
      62 -1.12599E+02 -6.63903E+01 -9.32102E+01  1.43863E+01 -2.33517E+01  3.21813E+00 -7.57865E+00 -1.12599E+02 -3.87901E+01 -4.17752E+01
      63 -3.06029E+02 -1.40530E+02 -3.06029E+02  2.47694E+02  8.09592E+01  6.59267E+01  2.54364E+02 -2.91996E+02 -1.52617E+02 -2.94351E+01
      64 -3.26952E+02 -1.42950E+02 -2.92304E+02  2.02609E+02  5.50158E+01  1.00770E+02  1.67150E+02 -3.26952E+02 -9.68709E+01 -4.44663E+01
      65 -1.53081E+02 -8.45071E+01 -1.17214E+02  6.77334E+01 -1.05283E+01  3.76511E+01  2.92366E+01 -1.53081E+02 -3.52760E+01 -3.46010E+01
      66 -2.97896E+02 -1.44631E+02 -2.82618E+02  2.31355E+02  6.09579E+01  8.60418E+01  2.04929E+02 -2.97896E+02 -1.15088E+02 -3.26472E+01
--------+---------------------------------------------------------------------------------------------------------------------------------

$ELEMENT STRESS(PLATE) [REAL]
--------+------------------------------------------------------------------------------------------
 PLATE #     VON          XX1          XX2          YY1          YY2          XY1          XY2
--------+------------------------------------------------------------------------------------------
       1  3.96673E+02 -3.14647E+01 -2.87062E+01  4.60076E+00 -3.51851E+01  2.28177E+02  1.38327E+02
       2  3.25614E+02 -2.88556E+01 -5.24627E+01  2.42598E+01 -3.80356E+00  1.86103E+02  1.32595E+02
       3  3.98242E+02 -5.06524E+01 -2.08005E+01  2.96990E+01  3.37091E+01  2.26307E+02  1.50708E+02
       4  3.55616E+02 -5.37462E+01 -4.94486E+01 -6.97691E+01 -5.82342E+01  2.02036E+02  1.71308E+02
       5  2.84978E+02 -4.25633E+01 -4.51592E+01  1.16988E+01  1.31434E+01  1.56404E+02  1.61665E+02
       6  3.61008E+02 -3.96953E+01 -4.72144E+01  7.93024E+01  7.71389E+01  1.99428E+02  1.67979E+02
       7  3.58241E+02 -4.73352E+01 -4.79913E+01 -1.00143E+02 -1.19825E+02  2.00672E+02  1.73010E+02
       8  2.80579E+02 -4.56443E+01 -4.86042E+01  1.00283E+01  9.59055E+00  1.59251E+02  1.55883E+02
       9  3.74036E+02 -4.13522E+01 -4.73054E+01  1.19305E+02  1.34324E+02  1.99186E+02  1.70859E+02
      10  4.25633E+02 -2.39859E+01  8.99427E+00 -1.89211E+02 -1.30594E+02  2.23103E+02  1.87841E+02
      11  2.41231E+02 -4.47254E+01 -4.77112E+01  9.54764E+00  8.43265E+00  1.18170E+02  1.35944E+02
      12  4.57596E+02 -6.52390E+01 -1.03621E+02  2.07298E+02  1.47808E+02  2.22593E+02  1.87399E+02
      13  6.24877E+02 -3.06569E+00 -1.71375E+00 -6.16624E+01 -7.75749E+01  3.59096E+02  3.07754E+02
      14  5.05143E+02 -4.44095E+01 -4.72389E+01  9.24306E+00  8.37701E+00  2.55305E+02  2.90099E+02
      15  6.38412E+02 -8.56222E+01 -9.27650E+01  8.05588E+01  9.43385E+01  3.59097E+02  3.07630E+02
      16  6.38412E+02 -8.56222E+01 -9.27650E+01  8.05588E+01  9.43385E+01  3.59097E+02  3.07630E+02
      17  5.05143E+02 -4.44095E+01 -4.72389E+01  9.24306E+00  8.37701E+00  2.55305E+02  2.90099E+02
      18  6.24877E+02 -3.06569E+00 -1.71375E+00 -6.16624E+01 -7.75749E+01  3.59096E+02  3.07754E+02
      19  4.57596E+02 -6.52390E+01 -1.03621E+02  2.07298E+02  1.47808E+02  2.22593E+02  1.87399E+02
      20  2.41231E+02 -4.47254E+01 -4.77112E+01  9.54764E+00  8.43265E+00  1.18170E+02  1.35944E+02
      21  4.25633E+02 -2.39859E+01  8.99427E+00 -1.89211E+02 -1.30594E+02  2.23103E+02  1.87841E+02
      22  3.74036E+02 -4.13522E+01 -4.73054E+01  1.19305E+02  1.34324E+02  1.99186E+02  1.70859E+02
      23  2.80579E+02 -4.56443E+01 -4.86042E+01  1.00283E+01  9.59055E+00  1.59251E+02  1.55883E+02
      24  3.58241E+02 -4.73352E+01 -4.79913E+01 -1.00143E+02 -1.19825E+02  2.00672E+02  1.73010E+02
      25  3.61008E+02 -3.96953E+01 -4.72144E+01  7.93024E+01  7.71389E+01  1.99428E+02  1.67979E+02
      26  2.84978E+02 -4.25633E+01 -4.51592E+01  1.16988E+01  1.31434E+01  1.56404E+02  1.61665E+02
      27  3.55616E+02 -5.37462E+01 -4.94486E+01 -6.97691E+01 -5.82342E+01  2.02036E+02  1.71308E+02
      28  3.98242E+02 -5.06524E+01 -2.08005E+01  2.96990E+01  3.37091E+01  2.26307E+02  1.50708E+02
      29  3.25614E+02 -2.88556E+01 -5.24627E+01  2.42598E+01 -3.80356E+00  1.86103E+02  1.32595E+02
      30  3.96673E+02 -3.14647E+01 -2.87062E+01  4.60076E+00 -3.51851E+01  2.28177E+02  1.38327E+02
--------+------------------------------------------------------------------------------------------
